5 3 3 3 3 3 3 3 3 6 5 3 3 3 3 3 3 3 3 6
4 2 1 1 1 1 1 1 1 4 4 1 1 1 1 1 1 1 2 4
4 1 5 3 3 3 3 6 1 4 4 1 5 3 3 3 3 6 1 4
4 1 4 0 0 0 0 4 1 4 4 1 4 0 0 0 0 4 1 4
4 1 4 0 0 0 0 4 1 4 4 1 4 0 0 0 0 4 1 4
4 1 4 0 0 0 0 4 1 4 4 1 4 0 0 0 0 4 1 4
4 1 4 0 0 0 0 4 1 4 4 1 4 0 0 0 0 4 1 4
4 1 7 3 3 3 3 8 1 7 8 1 7 3 3 3 3 8 1 4
4 1 1 1 1 1 1 1 1 0 0 1 1 1 1 1 1 1 1 4
4 1 5 6 1 5 6 1 5 0 0 6 1 5 6 1 5 6 1 4
4 1 4 4 1 4 4 1 4 0 0 4 1 4 4 1 4 4 1 4
4 1 4 4 1 4 4 1 7 3 3 8 1 4 4 1 4 4 1 4
4 1 7 8 1 7 8 1 1 1 1 1 1 7 8 1 7 8 1 4
4 1 1 1 1 1 1 1 1 1 1 1 1 1 1 1 1 1 1 4
4 1 4 1 5 6 1 4 1 5 6 1 4 1 5 6 1 4 1 4
4 1 4 1 4 4 1 4 1 4 4 1 4 1 4 4 1 4 1 4
4 1 4 1 4 4 1 4 1 4 4 1 4 1 4 4 1 4 1 4
4 1 4 1 4 4 1 4 1 4 4 1 4 1 4 4 1 4 1 4
4 2 1 1 4 4 1 1 1 4 4 1 1 1 4 4 1 1 2 4
7 3 3 3 8 7 3 3 3 8 7 3 3 3 8 7 3 3 3 8
