5 3 3 3 3 3 3 12 3 3 3 3 12 3 3 3 3 3 3 6
4 2 1 1 1 1 1 4 1 1 1 1 4 1 1 1 1 1 2 4
4 1 5 6 1 4 1 4 1 5 6 1 4 1 4 1 5 6 1 4
4 1 7 8 1 4 1 4 1 7 8 1 4 1 4 1 7 8 1 4
4 1 1 1 1 4 1 1 1 1 1 1 1 1 4 1 1 1 1 4
4 1 3 3 3 9 3 3 3 0 0 3 3 3 9 3 3 3 1 4
4 1 1 1 1 4 1 0 0 0 0 0 0 1 4 1 1 1 1 4
10 3 3 3 1 4 1 0 0 0 0 0 0 1 4 1 3 3 3 11
4 1 1 1 1 4 1 5 3 0 0 3 6 1 4 1 1 1 1 4
4 1 5 6 1 1 1 4 0 0 0 0 4 1 1 1 5 6 1 4
4 1 7 8 1 1 1 7 3 3 3 3 8 1 1 1 7 8 1 4
4 1 1 1 1 4 1 1 1 1 1 1 1 1 4 1 1 1 1 4
10 3 3 3 1 4 1 3 3 3 3 3 3 1 4 1 3 3 3 11
4 1 1 1 1 4 1 1 1 1 1 1 1 1 4 1 1 1 1 4
4 1 3 3 3 9 3 3 3 1 1 3 3 3 9 3 3 3 1 4
4 1 1 1 1 4 1 1 1 1 1 1 1 1 4 1 1 1 1 4
4 1 5 6 1 4 1 4 1 5 6 1 4 1 4 1 5 6 1 4
4 1 7 8 1 4 1 4 1 7 8 1 4 1 4 1 7 8 1 4
4 2 1 1 1 1 1 4 1 1 1 1 4 1 1 1 1 1 2 4
7 3 3 3 3 3 3 13 3 3 3 3 13 3 3 3 3 3 3 8